constellation:
  name: AstraPhase2
  startTime: 2022/07/11
  duration: 731d
  nShells: 2

shell1:
  altitude: 690
  inclination: 98.0
  nPlanes: 14
  nSats: 36

shell2:
  altitude: 700
  inclination: 55.0
  nPlanes: 56
  nSats: 32

special1:
  offsetM: 0
  argPeriapsis: 3.141592653589793
  startingW: 0
  W_area: 360

special2:
  offsetM: 0
  argPeriapsis: 3.141592653589793
  startingW: 0
  W_area: 360

